2 0
10 1
22 2
37 4
62 6
87 9
112 11
137 14
162 16
187 19
212 21
237 24
262 26
287 29
312 31
337 34
362 36
387 39
412 41
437 44
462 46
487 49
512 51
537 54
562 56
587 59
612 61
637 64
662 66
687 69
712 71
737 74
762 76
787 79
812 81
837 84
862 86
887 89
912 91
937 94
962 96
987 99
1012 101
1037 104
1062 106
1087 109
1112 111
1137 114
1162 116
1187 119
1212 121
1237 124
1262 126
1287 129
1312 131
1337 134
1362 136
1387 139
1412 141
1437 144
1462 146
1487 149
1512 151
1537 154
1562 156
1587 159
1612 161
1637 164
1662 166
1687 169
1712 171
1737 174
1762 176
1787 179
1812 181
1837 184
1862 186
1887 189
1912 191
1937 194
1962 196
1987 199
2012 201
2037 204
2062 206
2087 209
2112 211
2137 214
2162 216
2187 219
2212 221
2237 224
2262 226
2287 229
2312 231
2337 234
2362 236
2387 239
2412 241
2437 244
2462 246
2487 249
2512 251
2537 254
2562 256
2587 259
2612 261
2637 264
2662 266
2687 269
2712 271
2737 274
2762 276
2787 279
2812 281
2837 284
2862 286
2887 289
2912 291
2937 294
2962 296
2987 299
3033 303
3083 308
3133 313
3183 318
3233 323
3283 328
3333 333
3383 338
3433 343
3483 348
3533 353
3583 358
3633 363
3683 368
3733 373
3783 378
3833 383
3883 388
3933 393
3983 398
4033 403
4083 408
4133 413
4183 418
4233 423
4283 428
4333 433
4383 438
4433 443
4483 448
4533 453
4583 458
4633 463
4683 468
4733 473
4783 478
4833 483
4883 488
4933 493
4983 498
5033 503
5083 508
5133 513
5183 518
5233 523
5283 528
5333 533
5383 538
5433 543
5483 548
5533 553
5583 558
5633 563
5683 568
5733 573
5783 578
5833 583
5883 588
5933 593
5983 598
6033 603
6083 608
6133 613
6183 618
6233 623
6283 628
6333 633
6383 638
6433 643
6483 648
6533 653
6583 658
6633 663
6683 668
6733 673
6783 678
6833 683
6883 688
6933 693
6983 698
7033 703
7083 708
7133 713
7183 718
7233 723
7283 728
7333 733
7383 738
7433 743
7483 748
7533 753
7583 758
7633 763
7683 768
7733 773
7783 778
7833 783
7883 788
7933 793
7983 798
8033 803
8083 808
8133 813
8183 818
8233 823
8283 828
8333 833
8383 838
8433 843
8483 848
8533 853
8583 858
8633 863
8683 868
8733 873
8783 878
8833 883
8883 888
8933 893
8983 898
9033 903
9083 908
9133 913
9183 918
9233 923
9283 928
9333 933
9383 938
9433 943
9483 948
9533 953
9583 958
9633 963
9683 968
9733 973
9783 978
9833 983
9883 988
9933 993
9983 998
10033 1003
10083 1008
10133 1013
10183 1018
10233 1023
10283 1028
10333 1033
10383 1038
10433 1043
10483 1048
10533 1053
10583 1058
10633 1063
10683 1068
10733 1073
10783 1078
10833 1083
10883 1088
10933 1093
10983 1098
11033 1103
11083 1108
11133 1113
11183 1118
11233 1123
11283 1128
11333 1133
11383 1138
11433 1143
11483 1148
11533 1153
11583 1158
11633 1163
11683 1168
11733 1173
11783 1178
11833 1183
11883 1188
11933 1193
11983 1198
12033 1203
12083 1208
12133 1213
12183 1218
12233 1223
12283 1228
12333 1233
12383 1238
12433 1243
12483 1248
12533 1253
12583 1258
12633 1263
12683 1268
12733 1273
12783 1278
12833 1283
12883 1288
12933 1293
12983 1298
13033 1303
13083 1308
13133 1313
13183 1318
13233 1323
13283 1328
13333 1333
13383 1338
13433 1343
13483 1348
13533 1353
13583 1358
13633 1363
13683 1368
13733 1373
13783 1378
13833 1383
13883 1388
13933 1393
13983 1398
14033 1403
14083 1408
14133 1413
14183 1418
14233 1423
14283 1428
14333 1433
14383 1438
14433 1443
14483 1448
14533 1453
14583 1458
14633 1463
14683 1468
14733 1473
14783 1478
14833 1483
14883 1488
14933 1493
14983 1498
15033 1503
15083 1508
15133 1513
15183 1518
15233 1523
15283 1528
15333 1533
15383 1538
15433 1543
15483 1548
15533 1553
15583 1558
15633 1563
15683 1568
15733 1573
15783 1578
15833 1583
15883 1588
15933 1593
15983 1598
16033 1603
16083 1608
16133 1613
16183 1618
16233 1623
16283 1628
16333 1633
16383 1638
16433 1643
16483 1648
16533 1653
16583 1658
16633 1664
16683 1670
16733 1676
16783 1682
16833 1688
16883 1694
16933 1700
16983 1706
17033 1712
17083 1718
17133 1724
17183 1730
17233 1736
17283 1742
17333 1748
17383 1754
17433 1760
17483 1766
17533 1772
17583 1778
17633 1784
17683 1790
17733 1796
17783 1802
17833 1808
17883 1814
17933 1820
17983 1826
18033 1832
18083 1838
18133 1844
18183 1850
18233 1856
18283 1862
18333 1868
18383 1874
18433 1880
18483 1886
18533 1892
18583 1898
18633 1904
18683 1910
18733 1916
18783 1922
18833 1928
18883 1934
18933 1940
18983 1946
19033 1952
19083 1958
19133 1964
19183 1970
19233 1976
19283 1982
19333 1988
19383 1994
19433 2000
19483 2006
19533 2012
19583 2018
19633 2024
19683 2030
19733 2036
19783 2042
19833 2048
19883 2054
19933 2060
19983 2066
20033 2072
20083 2078
20133 2084
20183 2090
20233 2096
20283 2102
20333 2108
20383 2114
20433 2120
20483 2126
20533 2132
20583 2138
20633 2144
20683 2150
20733 2156
20783 2162
20833 2168
20883 2174
20933 2180
20983 2186
21033 2192
21083 2198
21133 2204
21183 2210
21233 2216
21283 2222
21333 2228
21383 2234
21433 2240
21483 2246
21533 2252
21583 2258
21633 2264
21683 2270
21733 2276
21783 2282
21833 2288
21883 2294
21933 2300
21983 2306
22033 2312
22083 2318
22133 2324
22183 2330
22233 2336
22283 2342
22333 2348
22383 2354
22433 2360
22483 2366
22533 2372
22583 2378
22633 2384
22683 2390
22733 2396
22783 2402
22833 2408
22883 2414
22933 2420
22983 2426
23033 2432
23083 2438
23133 2444
23183 2450
23233 2456
23283 2462
23333 2468
23383 2474
23433 2480
23483 2486
23533 2492
23583 2498
23633 2504
23683 2510
23733 2516
23783 2522
23833 2528
23883 2534
23933 2540
23983 2546
24033 2552
24083 2558
24133 2564
24183 2570
24233 2576
24283 2582
24333 2588
24383 2594
24433 2600
24483 2606
24533 2612
24583 2618
24633 2624
24683 2630
24733 2636
24783 2642
24833 2648
24883 2654
24933 2660
24983 2666
25033 2672
25083 2678
25133 2684
25183 2690
25233 2696
25283 2702
25333 2708
25383 2714
25433 2720
25483 2726
25533 2732
25583 2738
25633 2744
25683 2750
25733 2756
25783 2762
25833 2768
25883 2774
25933 2780
25983 2786
26033 2792
26083 2798
26133 2804
26183 2810
26233 2816
26283 2822
26333 2828
26383 2834
26433 2840
26483 2846
26533 2852
26583 2858
26633 2864
26683 2870
26733 2876
26783 2882
26833 2888
26883 2894
26933 2900
26983 2906
27033 2912
27083 2918
27133 2924
27183 2930
27233 2936
27283 2942
27333 2948
27383 2954
27433 2960
27483 2966
27533 2972
27583 2978
27633 2984
27683 2990
27733 2996
27783 3002
27833 3008
27883 3014
27933 3020
27983 3026
28033 3032
28083 3038
28133 3044
28183 3050
28233 3056
28283 3062
28333 3068
28383 3074
28433 3080
28483 3086
28533 3092
28583 3098
28633 3104
28683 3110
28733 3116
28783 3122
28833 3128
28883 3134
28933 3140
28983 3146
29033 3152
29083 3158
29133 3164
29183 3170
29233 3176
29283 3182
29333 3188
29383 3194
29433 3200
29483 3206
29533 3212
29583 3218
29633 3224
29683 3230
29733 3236
29783 3242
29833 3248
29883 3254
29933 3260
29983 3266
30033 3272
30083 3278
30133 3284
30183 3290
30233 3296
30283 3302
30333 3308
30383 3314
30433 3320
30483 3326
30533 3332
30583 3338
30633 3344
30683 3350
30733 3356
30783 3362
30833 3368
30883 3374
30933 3380
30983 3386
31033 3392
31083 3398
31133 3404
31183 3410
31233 3416
31283 3422
31333 3428
31383 3434
31433 3440
31483 3446
31533 3452
31583 3458
31633 3464
31683 3470
31733 3476
31783 3482
31833 3488
31883 3494
31933 3500
31983 3506
32033 3512
32083 3518
32133 3524
32183 3530
32233 3536
32283 3542
32333 3548
32383 3554
32433 3560
32483 3566
32533 3572
32583 3578
32633 3584
32683 3590
32733 3596
32783 3602
32833 3608
32883 3614
32933 3620
32983 3626
33033 3632
33083 3638
33133 3644
33183 3650
33233 3656
33283 3662
33333 3668
33383 3674
33433 3680
33483 3686
33533 3692
33583 3698
33633 3704
33683 3710
33733 3716
33783 3722
33833 3728
33883 3734
33933 3740
33983 3746
34033 3752
34083 3758
34133 3764
34183 3770
34233 3776
34283 3782
34333 3788
34383 3794
34433 3800
34483 3806
34533 3812
34583 3818
34633 3824
34683 3830
34733 3836
34783 3842
34833 3848
34883 3854
34933 3860
34983 3866
35033 3872
35083 3878
35133 3884
35183 3890
35233 3896
35283 3902
35333 3908
35383 3914
35433 3920
35483 3926
35533 3932
35583 3938
35633 3944
35683 3950
35733 3956
35783 3962
35833 3968
35883 3974
35933 3980
35983 3986
36033 3992
36083 3998
36133 4004
36183 4010
36233 4016
36283 4022
36333 4028
36383 4034
36433 4040
36483 4046
36533 4052
36583 4058
36633 4064
36683 4070
36733 4076
36783 4082
36833 4088
36883 4094
36933 4100
36983 4106
37033 4112
37083 4118
37133 4124
37183 4130
37233 4136
37283 4142
37333 4148
37383 4154
37433 4160
37483 4166
37533 4172
37583 4178
37633 4184
37683 4190
37733 4196
37783 4202
37833 4208
37883 4214
37933 4220
37983 4226
38033 4232
38083 4238
38133 4244
38183 4250
38233 4256
38283 4262
38333 4268
38383 4274
38433 4280
38483 4286
38533 4292
38583 4298
38633 4304
38683 4310
38733 4316
38783 4322
38833 4328
38883 4334
38933 4340
38983 4346
39033 4352
39083 4358
39133 4364
39183 4370
39233 4376
39283 4382
39333 4388
39383 4394
39433 4400
39483 4406
39533 4412
39583 4418
39633 4424
39683 4430
39733 4436
39783 4442
39833 4448
39883 4454
39933 4460
39983 4466
40033 4472
40083 4478
40133 4484
40183 4490
40233 4496
40283 4502
40333 4508
40383 4514
40433 4520
40483 4526
40533 4532
40583 4538
40633 4544
40683 4550
40733 4556
40783 4562
40833 4568
40883 4574
40933 4580
40983 4586
41033 4592
41083 4598
41133 4604
41183 4610
41233 4616
41283 4622
41333 4628
41383 4634
41433 4640
41483 4646
41533 4652
41583 4658
41633 4664
41683 4670
41733 4676
41783 4682
41833 4688
41883 4694
41933 4700
41983 4706
42033 4712
42083 4718
42133 4724
42183 4730
42233 4736
42283 4742
42333 4748
42383 4754
42433 4760
42483 4766
42533 4772
42583 4778
42633 4784
42683 4790
42733 4796
42783 4802
42833 4808
42883 4814
42933 4820
42983 4826
43033 4832
43083 4838
43133 4844
43183 4850
43233 4856
43283 4862
43333 4868
43383 4874
43433 4880
43483 4886
43533 4892
43583 4898
43633 4904
43683 4910
43733 4916
43783 4922
43833 4928
43883 4934
43933 4940
43983 4946
44033 4952
44083 4958
44133 4964
44183 4970
44233 4976
44283 4982
44333 4988
44383 4994
44433 5000
44483 5006
44533 5012
44583 5018
44633 5024
44683 5030
44733 5036
44783 5042
44833 5048
44883 5054
44933 5060
44983 5066
45033 5072
45083 5078
45133 5084
45183 5090
45233 5096
45283 5102
45333 5108
45383 5114
45433 5120
45483 5126
45533 5132
45583 5138
45633 5144
45683 5150
45733 5156
45783 5162
45833 5168
45883 5174
45933 5180
45983 5186
46033 5192
46083 5198
46133 5204
46183 5210
46233 5216
46283 5222
46333 5228
46383 5234
46433 5240
46483 5246
46533 5252
46583 5258
46633 5264
46683 5270
46733 5276
46783 5282
46833 5288
46883 5294
46933 5300
46983 5306
47033 5312
47083 5318
47133 5324
47183 5330
47233 5336
47283 5342
47333 5348
47383 5354
47433 5360
47483 5366
47533 5372
47583 5378
47633 5384
47683 5390
47733 5396
47783 5402
47833 5408
47883 5414
47933 5420
47983 5426
48033 5432
48083 5438
48133 5444
48183 5450
48233 5456
48283 5462
48333 5468
48383 5474
48433 5480
48483 5486
48533 5492
48583 5498
48633 5504
48683 5510
48733 5516
48783 5522
48833 5528
48883 5534
48933 5540
48983 5546
49033 5552
49083 5558
49133 5564
49183 5570
49233 5576
49283 5582
49333 5588
49383 5594
49433 5600
49483 5606
49533 5612
49583 5618
49633 5624
49683 5630
49733 5636
49783 5642
49833 5648
49883 5654
49933 5660
49983 5666
50033 5672
50083 5678
50133 5684
50183 5690
50233 5696
50283 5702
50333 5708
50383 5714
50433 5720
50483 5726
50533 5732
50583 5738
50633 5744
50683 5750
50733 5756
50783 5762
50833 5768
50883 5774
50933 5780
50983 5786
51033 5792
51083 5798
51133 5804
51183 5810
51233 5816
51283 5822
51333 5828
51383 5834
51433 5840
51483 5846
51533 5852
51583 5858
51633 5864
51683 5870
51733 5876
51783 5882
51833 5888
51883 5894
51933 5900
51983 5906
52033 5912
52083 5918
52133 5924
52183 5930
52233 5936
52283 5942
52333 5948
52383 5954
52433 5960
52483 5966
52533 5972
52583 5978
52633 5984
52683 5990
52733 5996
52783 6002
52833 6008
52883 6014
52933 6020
52983 6026
53033 6032
53083 6038
53133 6044
53183 6050
53233 6056
53283 6062
53333 6068
53383 6074
53433 6080
53483 6086
53533 6092
53583 6098
53633 6104
53683 6110
53733 6116
53783 6122
53833 6128
53883 6134
53933 6140
53983 6146
54033 6152
54083 6158
54133 6164
54183 6170
54233 6176
54283 6182
54333 6188
54383 6194
54433 6200
54483 6206
54533 6212
54583 6218
54633 6224
54683 6230
54733 6236
54783 6242
54833 6248
54883 6254
54933 6260
54983 6266
55033 6272
55083 6278
55133 6284
55183 6290
55233 6296
55283 6302
55333 6308
55383 6314
55433 6320
55483 6326
55533 6332
55583 6338
55633 6344
55683 6350
55733 6356
55783 6362
55833 6368
55883 6374
55933 6380
55983 6386
56033 6392
56083 6398
56133 6404
56183 6410
56233 6416
56283 6422
56333 6428
56383 6434
56433 6440
56483 6446
56533 6452
56583 6458
56633 6464
56683 6470
56733 6476
56783 6482
56833 6488
56883 6494
56933 6500
56983 6506
57033 6512
57083 6518
57133 6524
57183 6530
57233 6536
57283 6542
57333 6548
57383 6554
57433 6560
57483 6566
57533 6572
57583 6578
57633 6584
57683 6590
57733 6596
57783 6602
57833 6608
57883 6614
57933 6620
57983 6626
58033 6632
58083 6638
58133 6644
58183 6650
58233 6656
58283 6662
58333 6668
58383 6674
58433 6680
58483 6686
58533 6692
58583 6698
58633 6704
58683 6710
58733 6716
58783 6722
58833 6728
58883 6734
58933 6740
58983 6746
59033 6752
59083 6758
59133 6764
59183 6770
59233 6776
59283 6782
59333 6788
59383 6794
59433 6800
59483 6806
59533 6812
59583 6818
59633 6824
59683 6830
59733 6836
59783 6842
59833 6848
59883 6854
59933 6860
59983 6866
60033 6872
60083 6878
60133 6884
60183 6890
60233 6896
60283 6902
60333 6908
60383 6914
60433 6920
60483 6926
60533 6932
60583 6938
60633 6944
60683 6950
60733 6956
60783 6962
60833 6968
60883 6974
60933 6980
60983 6986
61033 6992
61083 6998
61133 7004
61183 7010
61233 7016
61283 7022
61333 7028
61383 7034
61433 7040
61483 7046
61533 7052
61583 7058
61633 7064
61683 7070
61733 7076
61783 7082
61833 7088
61883 7094
61933 7100
61983 7106
62033 7112
62083 7118
62133 7124
62183 7130
62233 7136
62283 7142
62333 7148
62383 7154
62433 7160
62483 7166
62533 7172
62583 7178
62633 7184
62683 7190
62733 7196
62783 7202
62833 7208
62883 7214
62933 7220
62983 7226
63033 7232
63083 7238
63133 7247
63183 7258
63233 7269
63283 7280
63333 7291
63383 7302
63433 7313
63483 7324
63533 7335
63583 7346
63633 7357
63683 7368
63733 7379
63783 7390
63833 7401
63883 7412
63933 7423
63983 7434
64033 7445
64083 7456
64133 7467
64183 7478
64233 7489
64283 7500
64333 7511
64383 7522
64433 7533
64483 7544
64533 7555
64583 7566
64633 7577
64683 7588
64733 7599
64783 7610
64833 7621
64883 7632
64933 7643
64983 7654
65033 7665
65083 7676
65133 7687
65183 7698
65233 7709
65283 7720
65333 7731
65383 7742
65433 7753
65483 7764
65533 7775
65583 7786
65633 7797
65683 7808
65733 7819
65783 7830
65833 7841
65883 7852
65933 7863
65983 7874
66033 7885
66083 7896
66133 7907
66183 7918
66233 7929
66283 7940
66333 7951
66383 7962
66433 7973
66483 7984
66533 7995
66583 8006
66633 8017
66683 8028
66733 8039
66783 8050
66833 8061
66883 8072
66933 8083
66983 8094
67033 8105
67083 8116
67133 8127
67183 8138
67233 8149
67283 8160
67333 8171
67383 8182
67433 8193
67483 8204
67533 8215
67583 8226
67633 8237
67683 8248
67733 8259
67783 8270
67833 8281
67883 8292
67933 8303
67983 8314
68033 8325
68083 8336
68133 8347
68183 8358
68233 8369
68283 8380
68333 8391
68383 8402
68433 8413
68483 8424
68533 8435
68583 8446
68633 8457
68683 8468
68733 8479
68783 8490
68833 8501
68883 8512
68933 8523
68983 8534
69033 8545
69083 8556
69133 8567
69183 8578
69233 8589
69283 8600
69333 8611
69383 8622
69433 8633
69483 8644
69533 8655
69583 8666
69633 8677
69683 8688
69733 8699
69783 8710
69833 8721
69883 8732
69933 8743
69983 8754
70033 8765
70083 8776
70133 8787
70183 8798
70233 8809
70283 8820
70333 8831
70383 8842
70433 8853
70483 8864
70533 8875
70583 8886
70633 8897
70683 8908
70733 8919
70783 8930
70833 8941
70883 8952
70933 8963
70983 8974
71033 8985
71083 8996
71133 9007
71183 9018
71233 9029
71283 9040
71333 9051
71383 9062
71433 9073
71483 9084
71533 9095
71583 9106
71633 9117
71683 9128
71733 9139
71783 9150
71833 9161
71883 9172
71933 9183
71983 9194
72033 9205
72083 9216
72133 9227
72183 9238
72233 9249
72283 9260
72333 9271
72383 9282
72433 9293
72483 9304
72533 9315
72583 9326
72633 9337
72683 9348
72733 9359
72783 9370
72833 9381
72883 9392
72933 9403
72983 9414
73033 9425
73083 9436
73133 9447
73183 9458
73233 9469
73283 9480
73333 9491
73383 9502
73433 9513
73483 9524
73533 9535
73583 9546
73633 9557
73683 9568
73733 9579
73783 9590
73833 9601
73883 9612
73933 9623
73983 9634
74033 9645
74083 9656
74133 9667
74183 9678
74233 9689
74283 9700
74333 9711
74383 9722
74433 9733
74483 9744
74533 9755
74583 9766
74633 9777
74683 9788
74733 9799
74783 9810
74833 9821
74883 9832
74933 9843
74983 9854
75033 9865
75083 9876
75133 9887
75183 9898
75233 9909
75283 9920
75333 9931
75383 9942
75433 9953
75483 9964
75533 9975
75583 9986
75633 9997
75683 10008
75733 10019
75783 10030
75833 10041
75883 10052
75933 10063
75983 10074
76033 10085
76083 10096
76133 10107
76183 10118
76233 10129
76283 10140
76333 10151
76383 10162
76433 10173
76483 10184
76533 10195
76583 10206
76633 10217
76683 10228
76733 10239
76783 10250
76833 10261
76883 10272
76933 10283
76983 10294
77033 10305
77083 10316
77133 10327
77183 10338
77233 10349
77283 10360
77333 10371
77383 10382
77433 10393
77483 10404
77533 10415
77583 10426
77633 10437
77683 10448
77733 10459
77783 10470
77833 10481
77883 10492
77933 10503
77983 10514
78033 10525
78083 10536
78133 10547
78183 10558
78233 10569
78283 10580
78333 10591
78383 10602
78433 10613
78483 10624
78533 10635
78583 10646
78633 10657
78683 10668
78733 10679
78783 10690
78833 10701
78883 10712
78933 10723
78983 10734
79033 10745
79083 10756
79133 10767
79183 10778
79233 10789
79283 10800
79333 10811
79383 10822
79433 10833
79483 10844
79533 10855
79583 10866
79633 10877
79683 10888
79733 10899
79783 10910
79833 10921
79883 10932
79933 10943
79983 10954
80033 10965
80083 10976
80133 10987
80183 10998
80233 11009
80283 11020
80333 11031
80383 11042
80433 11053
80483 11064
80533 11075
80583 11086
80633 11097
80683 11108
80733 11119
80783 11130
80833 11141
80883 11152
80933 11163
80983 11174
81033 11185
81083 11196
81133 11207
81183 11218
81233 11229
81283 11240
81333 11251
81383 11262
81433 11273
81483 11284
81533 11295
81583 11306
81633 11317
81683 11328
81733 11339
81783 11350
81833 11361
81883 11372
81933 11383
81983 11394
82033 11405
82083 11416
82133 11427
82183 11438
82233 11449
82283 11460
82333 11471
82383 11482
82433 11493
82483 11504
82533 11515
82583 11526
82633 11537
82683 11548
82733 11559
82783 11570
82833 11581
82883 11592
82933 11603
82983 11614
83033 11625
83083 11636
83133 11647
83183 11658
83233 11669
83283 11680
83333 11691
83383 11702
83433 11713
83483 11724
83533 11735
83583 11746
83633 11757
83683 11768
83733 11779
83783 11790
83833 11801
83883 11812
83933 11823
83983 11834
84033 11845
84083 11856
84133 11867
84183 11878
84233 11889
84283 11900
84333 11911
84383 11922
84433 11933
84483 11944
84533 11955
84583 11966
84633 11977
84683 11988
84733 11999
84783 12010
84833 12021
84883 12032
84933 12043
84983 12054
85033 12065
85083 12076
85133 12087
85183 12098
85233 12109
85283 12120
85333 12131
85383 12142
85433 12153
85483 12164
85533 12175
85583 12186
85633 12197
85683 12208
85733 12219
85783 12230
85833 12241
85883 12252
85933 12263
85983 12274
86033 12285
86083 12296
86133 12307
86183 12318
86233 12329
86283 12340
86333 12351
86383 12362
86433 12373
86483 12384
86533 12395
86583 12406
86633 12417
86683 12428
86733 12439
86783 12450
86833 12461
86883 12472
86933 12483
86983 12494
87033 12505
87083 12516
87133 12527
87183 12538
87233 12549
87283 12560
87333 12571
87383 12582
87433 12593
87483 12604
87533 12615
87583 12626
87633 12637
87683 12648
87733 12659
87783 12670
87833 12681
87883 12692
87933 12703
87983 12714
88033 12725
88083 12736
88133 12747
88183 12758
88233 12769
88283 12780
88333 12791
88383 12802
88433 12813
88483 12824
88533 12835
88583 12846
88633 12857
88683 12868
88733 12879
88783 12890
88833 12901
88883 12912
88933 12923
88983 12934
89033 12945
89083 12956
89133 12967
89183 12978
89233 12989
89283 13000
89333 13011
89383 13022
89433 13033
89483 13044
89533 13055
89583 13066
89633 13077
89683 13088
89733 13099
89783 13110
89833 13121
89883 13132
89933 13143
89983 13154
90033 13165
90083 13176
90133 13187
90183 13198
90233 13209
90283 13220
90333 13231
90383 13242
90433 13253
90483 13264
90533 13275
90583 13286
90633 13297
90683 13308
90733 13319
90783 13330
90833 13341
90883 13352
90933 13363
90983 13374
91033 13385
91083 13396
91133 13407
91183 13418
91233 13429
91283 13440
91333 13451
91383 13462
91433 13473
91483 13484
91533 13495
91583 13506
91633 13517
91683 13528
91733 13539
91783 13550
91833 13561
91883 13572
91933 13583
91983 13594
92033 13605
92083 13616
92133 13627
92183 13638
92233 13649
92283 13660
92333 13671
92383 13682
92433 13693
92483 13704
92533 13715
92583 13726
92633 13737
92683 13748
92733 13759
92783 13770
92833 13781
92883 13792
92933 13803
92983 13814
93033 13825
93083 13836
93133 13847
93183 13858
93233 13869
93283 13880
93333 13891
93383 13902
93433 13913
93483 13924
93533 13935
93583 13946
93633 13957
93683 13968
93733 13979
93783 13990
93833 14001
93883 14012
93933 14023
93983 14034
94033 14045
94083 14056
94133 14067
94183 14078
94233 14089
94283 14100
94333 14111
94383 14122
94433 14133
94483 14144
94533 14155
94583 14166
94633 14177
94683 14188
94733 14199
94783 14210
94833 14221
94883 14232
94933 14243
94983 14254
95033 14265
95083 14276
95133 14287
95183 14298
95233 14309
95283 14320
95333 14331
95383 14342
95433 14353
95483 14364
95533 14375
95583 14386
95633 14397
95683 14408
95733 14419
95783 14430
95833 14441
95883 14452
95933 14463
95983 14474
96033 14485
96083 14496
96133 14507
96183 14518
96233 14529
96283 14540
96333 14551
96383 14562
96433 14573
96483 14584
96533 14595
96583 14606
96633 14617
96683 14628
96733 14639
96783 14650
96833 14661
96883 14672
96933 14683
96983 14694
97033 14705
97083 14716
97133 14727
97183 14738
97233 14749
97283 14760
97333 14771
97383 14782
97433 14793
97483 14804
97533 14815
97583 14826
97633 14837
97683 14848
97733 14859
97783 14870
97833 14881
97883 14892
97933 14903
97983 14914
98033 14925
98083 14936
98133 14947
98183 14958
98233 14969
98283 14980
98333 14991
98383 15002
98433 15013
98483 15024
98533 15035
98583 15046
98633 15057
98683 15068
98733 15079
98783 15090
98833 15101
98883 15112
98933 15123
98983 15134
99033 15145
99083 15156
99133 15167
99183 15178
99233 15189
99283 15200
99333 15211
99383 15222
99433 15233
99483 15244
99533 15255
99583 15266
99633 15277
99683 15288
99733 15299
99783 15310
99833 15321
99883 15332
99933 15343
99983 15354
100450 15458
100500 15469
100530 15476
191900 37529
191950 37542
192000 37558
243650 54551
243700 54567
243750 54585
609300 185818
609350 185836
609400 185855
700000 220192
800000 258092
