2 0
10 1
22 2
37 4
62 6
87 9
112 11
137 14
162 16
187 19
212 21
237 24
262 26
287 29
312 31
337 34
362 36
387 39
412 41
437 44
462 46
487 49
512 51
537 54
562 56
587 59
612 61
637 64
662 66
687 69
712 71
737 74
762 76
787 79
812 81
837 84
862 86
887 89
912 91
937 94
962 96
987 99
1012 101
1037 104
1062 106
1087 109
1112 111
1137 114
1162 116
1187 119
1212 121
1237 124
1262 126
1287 129
1312 131
1337 134
1362 136
1387 139
1412 141
1437 144
1462 146
1487 149
1512 151
1537 154
1562 156
1587 159
1612 161
1637 164
1662 166
1687 169
1712 171
1737 174
1762 176
1787 179
1812 181
1837 184
1862 186
1887 189
1912 191
1937 194
1962 196
1987 199
2012 201
2037 204
2062 206
2087 209
2112 211
2137 214
2162 216
2187 219
2212 221
2237 224
2262 226
2287 229
2312 231
2337 234
2362 236
2387 239
2412 241
2437 244
2462 246
2487 249
2512 251
2537 254
2562 256
2587 259
2612 261
2637 264
2662 266
2687 269
2712 271
2737 274
2762 276
2787 279
2812 281
2837 284
2862 286
2887 289
2912 291
2937 294
2962 296
2987 299
3033 303
3083 308
3133 313
3183 318
3233 323
3283 328
3333 333
3383 338
3433 343
3483 348
3533 353
3583 358
3633 363
3683 368
3733 373
3783 378
3833 383
3883 388
3933 393
3983 398
4033 403
4083 408
4133 413
4183 418
4233 423
4283 428
4333 433
4383 438
4433 443
4483 448
4533 453
4583 458
4633 463
4683 468
4733 473
4783 478
4833 483
4883 488
4933 493
4983 498
5033 503
5083 508
5133 513
5183 518
5233 523
5283 528
5333 533
5383 538
5433 543
5483 548
5533 553
5583 558
5633 563
5683 568
5733 573
5783 578
5833 583
5883 588
5933 593
5983 598
6033 603
6083 608
6133 613
6183 618
6233 623
6283 628
6333 633
6383 638
6433 643
6483 648
6533 653
6583 658
6633 663
6683 668
6733 673
6783 678
6833 683
6883 688
6933 693
6983 698
7033 703
7083 708
7133 713
7183 718
7233 723
7283 728
7333 733
7383 738
7433 743
7483 748
7533 753
7583 758
7633 763
7683 768
7733 773
7783 778
7833 783
7883 788
7933 793
7983 798
8033 803
8083 808
8133 813
8183 818
8233 823
8283 828
8333 833
8383 838
8433 843
8483 848
8533 853
8583 858
8633 863
8683 868
8733 873
8783 878
8833 883
8883 888
8933 893
8983 898
9033 903
9083 908
9133 913
9183 918
9233 923
9283 928
9333 933
9383 938
9433 943
9483 948
9533 953
9583 958
9633 963
9683 968
9733 973
9783 978
9833 983
9883 988
9933 993
9983 998
10033 1003
10083 1008
10133 1013
10183 1018
10233 1023
10283 1028
10333 1033
10383 1038
10433 1043
10483 1048
10533 1053
10583 1058
10633 1063
10683 1068
10733 1073
10783 1078
10833 1083
10883 1088
10933 1093
10983 1098
11033 1103
11083 1108
11133 1113
11183 1118
11233 1123
11283 1128
11333 1133
11383 1138
11433 1143
11483 1148
11533 1153
11583 1158
11633 1163
11683 1168
11733 1173
11783 1178
11833 1183
11883 1188
11933 1193
11983 1198
12033 1203
12083 1208
12133 1213
12183 1218
12233 1223
12283 1228
12333 1233
12383 1238
12433 1243
12483 1248
12533 1253
12583 1258
12633 1263
12683 1268
12733 1273
12783 1278
12833 1283
12883 1288
12933 1293
12983 1298
13033 1303
13083 1308
13133 1313
13183 1318
13233 1323
13283 1328
13333 1333
13383 1338
13433 1343
13483 1348
13533 1353
13583 1358
13633 1363
13683 1368
13733 1373
13783 1378
13833 1383
13883 1388
13933 1393
13983 1398
14033 1403
14083 1408
14133 1413
14183 1418
14233 1423
14283 1428
14333 1433
14383 1438
14433 1443
14483 1448
14533 1453
14583 1458
14633 1463
14683 1468
14733 1473
14783 1478
14833 1483
14883 1488
14933 1493
14983 1498
15033 1503
15083 1508
15133 1513
15183 1518
15233 1523
15283 1528
15333 1533
15383 1538
15433 1543
15483 1548
15533 1553
15583 1558
15633 1563
15683 1568
15733 1573
15783 1578
15833 1583
15883 1588
15933 1593
15983 1598
16033 1603
16083 1608
16133 1613
16183 1618
16233 1623
16283 1628
16333 1633
16383 1638
16433 1643
16483 1648
16533 1653
16583 1658
16633 1663
16683 1668
16733 1673
16783 1678
16833 1683
16883 1688
16933 1693
16983 1698
17033 1703
17083 1708
17133 1713
17183 1718
17233 1723
17283 1728
17333 1733
17383 1738
17433 1743
17483 1748
17533 1753
17583 1758
17633 1763
17683 1768
17733 1773
17783 1778
17833 1783
17883 1788
17933 1793
17983 1798
18033 1803
18083 1808
18133 1813
18183 1818
18233 1823
18283 1828
18333 1833
18383 1838
18433 1843
18483 1848
18533 1853
18583 1858
18633 1863
18683 1868
18733 1873
18783 1878
18833 1883
18883 1888
18933 1893
18983 1898
19033 1903
19083 1908
19133 1913
19183 1918
19233 1923
19283 1928
19333 1933
19383 1938
19433 1943
19483 1948
19533 1953
19583 1958
19633 1963
19683 1968
19733 1973
19783 1978
19833 1983
19883 1988
19933 1993
19983 1998
20033 2003
20083 2008
20133 2013
20183 2018
20233 2023
20283 2028
20333 2033
20383 2038
20433 2043
20483 2048
20533 2053
20583 2058
20633 2063
20683 2068
20733 2073
20783 2078
20833 2083
20883 2088
20933 2093
20983 2098
21033 2103
21083 2108
21133 2113
21183 2118
21233 2123
21283 2128
21333 2133
21383 2138
21433 2143
21483 2148
21533 2153
21583 2158
21633 2163
21683 2168
21733 2173
21783 2178
21833 2183
21883 2188
21933 2193
21983 2198
22033 2203
22083 2208
22133 2213
22183 2218
22233 2223
22283 2228
22333 2233
22383 2238
22433 2243
22483 2248
22533 2253
22583 2258
22633 2263
22683 2268
22733 2273
22783 2278
22833 2283
22883 2288
22933 2293
22983 2298
23033 2303
23083 2308
23133 2313
23183 2318
23233 2323
23283 2329
23333 2335
23383 2341
23433 2347
23483 2353
23533 2359
23583 2365
23633 2371
23683 2377
23733 2383
23783 2389
23833 2395
23883 2401
23933 2407
23983 2413
24033 2419
24083 2425
24133 2431
24183 2437
24233 2443
24283 2449
24333 2455
24383 2461
24433 2467
24483 2473
24533 2479
24583 2485
24633 2491
24683 2497
24733 2503
24783 2509
24833 2515
24883 2521
24933 2527
24983 2533
25033 2539
25083 2545
25133 2551
25183 2557
25233 2563
25283 2569
25333 2575
25383 2581
25433 2587
25483 2593
25533 2599
25583 2605
25633 2611
25683 2617
25733 2623
25783 2629
25833 2635
25883 2641
25933 2647
25983 2653
26033 2659
26083 2665
26133 2671
26183 2677
26233 2683
26283 2689
26333 2695
26383 2701
26433 2707
26483 2713
26533 2719
26583 2725
26633 2731
26683 2737
26733 2743
26783 2749
26833 2755
26883 2761
26933 2767
26983 2773
27033 2779
27083 2785
27133 2791
27183 2797
27233 2803
27283 2809
27333 2815
27383 2821
27433 2827
27483 2833
27533 2839
27583 2845
27633 2851
27683 2857
27733 2863
27783 2869
27833 2875
27883 2881
27933 2887
27983 2893
28033 2899
28083 2905
28133 2911
28183 2917
28233 2923
28283 2929
28333 2935
28383 2941
28433 2947
28483 2953
28533 2959
28583 2965
28633 2971
28683 2977
28733 2983
28783 2989
28833 2995
28883 3001
28933 3007
28983 3013
29033 3019
29083 3025
29133 3031
29183 3037
29233 3043
29283 3049
29333 3055
29383 3061
29433 3067
29483 3073
29533 3079
29583 3085
29633 3091
29683 3097
29733 3103
29783 3109
29833 3115
29883 3121
29933 3127
29983 3133
30033 3139
30083 3145
30133 3151
30183 3157
30233 3163
30283 3169
30333 3175
30383 3181
30433 3187
30483 3193
30533 3199
30583 3205
30633 3211
30683 3217
30733 3223
30783 3229
30833 3235
30883 3241
30933 3247
30983 3253
31033 3259
31083 3265
31133 3271
31183 3277
31233 3283
31283 3289
31333 3295
31383 3301
31433 3307
31483 3313
31533 3319
31583 3325
31633 3331
31683 3337
31733 3343
31783 3349
31833 3355
31883 3361
31933 3367
31983 3373
32033 3379
32083 3385
32133 3391
32183 3397
32233 3403
32283 3409
32333 3415
32383 3421
32433 3427
32483 3433
32533 3439
32583 3445
32633 3451
32683 3457
32733 3463
32783 3469
32833 3475
32883 3481
32933 3487
32983 3493
33033 3499
33083 3505
33133 3511
33183 3517
33233 3523
33283 3529
33333 3535
33383 3541
33433 3547
33483 3553
33533 3559
33583 3565
33633 3571
33683 3577
33733 3583
33783 3589
33833 3595
33883 3601
33933 3607
33983 3613
34033 3619
34083 3625
34133 3631
34183 3637
34233 3643
34283 3649
34333 3655
34383 3661
34433 3667
34483 3673
34533 3679
34583 3685
34633 3691
34683 3697
34733 3703
34783 3709
34833 3715
34883 3721
34933 3727
34983 3733
35033 3739
35083 3745
35133 3751
35183 3757
35233 3763
35283 3769
35333 3775
35383 3781
35433 3787
35483 3793
35533 3799
35583 3805
35633 3811
35683 3817
35733 3823
35783 3829
35833 3835
35883 3841
35933 3847
35983 3853
36033 3859
36083 3865
36133 3871
36183 3877
36233 3883
36283 3889
36333 3895
36383 3901
36433 3907
36483 3913
36533 3919
36583 3925
36633 3931
36683 3937
36733 3943
36783 3949
36833 3955
36883 3961
36933 3967
36983 3973
37033 3979
37083 3985
37133 3991
37183 3997
37233 4003
37283 4009
37333 4015
37383 4021
37433 4027
37483 4033
37533 4039
37583 4045
37633 4051
37683 4057
37733 4063
37783 4069
37833 4075
37883 4081
37933 4087
37983 4093
38033 4099
38083 4105
38133 4111
38183 4117
38233 4123
38283 4129
38333 4135
38383 4141
38433 4147
38483 4153
38533 4159
38583 4165
38633 4171
38683 4177
38733 4183
38783 4189
38833 4195
38883 4201
38933 4207
38983 4213
39033 4219
39083 4225
39133 4231
39183 4237
39233 4243
39283 4249
39333 4255
39383 4261
39433 4267
39483 4273
39533 4279
39583 4285
39633 4291
39683 4297
39733 4303
39783 4309
39833 4315
39883 4321
39933 4327
39983 4333
40033 4339
40083 4345
40133 4351
40183 4357
40233 4363
40283 4369
40333 4375
40383 4381
40433 4387
40483 4393
40533 4399
40583 4405
40633 4411
40683 4417
40733 4423
40783 4429
40833 4435
40883 4441
40933 4447
40983 4453
41033 4459
41083 4465
41133 4471
41183 4477
41233 4483
41283 4489
41333 4495
41383 4501
41433 4507
41483 4513
41533 4519
41583 4525
41633 4531
41683 4537
41733 4543
41783 4549
41833 4555
41883 4561
41933 4567
41983 4573
42033 4579
42083 4585
42133 4591
42183 4597
42233 4603
42283 4609
42333 4615
42383 4621
42433 4627
42483 4633
42533 4639
42583 4645
42633 4651
42683 4657
42733 4663
42783 4669
42833 4675
42883 4681
42933 4687
42983 4693
43033 4699
43083 4705
43133 4711
43183 4717
43233 4723
43283 4729
43333 4735
43383 4741
43433 4747
43483 4753
43533 4759
43583 4765
43633 4771
43683 4777
43733 4783
43783 4789
43833 4795
43883 4801
43933 4807
43983 4813
44033 4819
44083 4825
44133 4831
44183 4837
44233 4843
44283 4849
44333 4855
44383 4861
44433 4867
44483 4873
44533 4879
44583 4885
44633 4891
44683 4897
44733 4903
44783 4909
44833 4915
44883 4921
44933 4927
44983 4933
45033 4939
45083 4945
45133 4951
45183 4957
45233 4963
45283 4969
45333 4975
45383 4981
45433 4987
45483 4993
45533 4999
45583 5005
45633 5011
45683 5017
45733 5023
45783 5029
45833 5035
45883 5041
45933 5047
45983 5053
46033 5059
46083 5065
46133 5071
46183 5077
46233 5083
46283 5089
46333 5095
46383 5101
46433 5107
46483 5113
46533 5119
46583 5125
46633 5131
46683 5137
46733 5143
46783 5149
46833 5155
46883 5161
46933 5167
46983 5173
47033 5179
47083 5185
47133 5191
47183 5197
47233 5203
47283 5209
47333 5215
47383 5221
47433 5227
47483 5233
47533 5239
47583 5245
47633 5251
47683 5257
47733 5263
47783 5269
47833 5275
47883 5281
47933 5287
47983 5293
48033 5299
48083 5305
48133 5311
48183 5317
48233 5323
48283 5329
48333 5335
48383 5341
48433 5347
48483 5353
48533 5359
48583 5365
48633 5371
48683 5377
48733 5383
48783 5389
48833 5395
48883 5401
48933 5407
48983 5413
49033 5419
49083 5425
49133 5431
49183 5437
49233 5443
49283 5449
49333 5455
49383 5461
49433 5467
49483 5473
49533 5479
49583 5485
49633 5491
49683 5497
49733 5503
49783 5509
49833 5515
49883 5521
49933 5527
49983 5533
50033 5539
50083 5545
50133 5551
50183 5557
50233 5563
50283 5569
50333 5575
50383 5581
50433 5587
50483 5593
50533 5599
50583 5605
50633 5611
50683 5617
50733 5623
50783 5629
50833 5635
50883 5641
50933 5647
50983 5653
51033 5659
51083 5665
51133 5671
51183 5677
51233 5683
51283 5689
51333 5695
51383 5701
51433 5707
51483 5713
51533 5719
51583 5725
51633 5731
51683 5737
51733 5743
51783 5749
51833 5755
51883 5761
51933 5767
51983 5773
52033 5779
52083 5785
52133 5791
52183 5797
52233 5803
52283 5809
52333 5815
52383 5821
52433 5827
52483 5833
52533 5839
52583 5845
52633 5851
52683 5857
52733 5863
52783 5869
52833 5875
52883 5881
52933 5887
52983 5893
53033 5899
53083 5905
53133 5911
53183 5917
53233 5923
53283 5929
53333 5935
53383 5941
53433 5947
53483 5953
53533 5959
53583 5965
53633 5971
53683 5977
53733 5983
53783 5989
53833 5995
53883 6001
53933 6007
53983 6013
54033 6019
54083 6025
54133 6031
54183 6037
54233 6043
54283 6049
54333 6055
54383 6061
54433 6067
54483 6073
54533 6079
54583 6085
54633 6091
54683 6097
54733 6103
54783 6109
54833 6115
54883 6121
54933 6127
54983 6133
55033 6139
55083 6145
55133 6151
55183 6157
55233 6163
55283 6169
55333 6175
55383 6181
55433 6187
55483 6193
55533 6199
55583 6205
55633 6211
55683 6217
55733 6223
55783 6229
55833 6235
55883 6241
55933 6247
55983 6253
56033 6259
56083 6265
56133 6271
56183 6277
56233 6283
56283 6289
56333 6295
56383 6301
56433 6307
56483 6313
56533 6319
56583 6325
56633 6331
56683 6337
56733 6343
56783 6349
56833 6355
56883 6361
56933 6367
56983 6373
57033 6379
57083 6385
57133 6391
57183 6397
57233 6403
57283 6409
57333 6415
57383 6421
57433 6427
57483 6433
57533 6439
57583 6445
57633 6451
57683 6457
57733 6463
57783 6469
57833 6475
57883 6481
57933 6487
57983 6493
58033 6499
58083 6505
58133 6511
58183 6517
58233 6523
58283 6529
58333 6535
58383 6541
58433 6547
58483 6553
58533 6559
58583 6565
58633 6571
58683 6577
58733 6583
58783 6589
58833 6595
58883 6601
58933 6607
58983 6613
59033 6619
59083 6625
59133 6631
59183 6637
59233 6643
59283 6649
59333 6655
59383 6661
59433 6667
59483 6673
59533 6679
59583 6685
59633 6691
59683 6697
59733 6703
59783 6709
59833 6715
59883 6721
59933 6727
59983 6733
60033 6739
60083 6745
60133 6751
60183 6757
60233 6763
60283 6769
60333 6775
60383 6781
60433 6787
60483 6793
60533 6799
60583 6805
60633 6811
60683 6817
60733 6823
60783 6829
60833 6835
60883 6841
60933 6847
60983 6853
61033 6859
61083 6865
61133 6871
61183 6877
61233 6883
61283 6889
61333 6895
61383 6901
61433 6907
61483 6913
61533 6919
61583 6925
61633 6931
61683 6937
61733 6943
61783 6949
61833 6955
61883 6961
61933 6967
61983 6973
62033 6979
62083 6985
62133 6991
62183 6997
62233 7003
62283 7009
62333 7015
62383 7021
62433 7027
62483 7033
62533 7039
62583 7045
62633 7051
62683 7057
62733 7063
62783 7069
62833 7075
62883 7081
62933 7087
62983 7093
63033 7099
63083 7105
63133 7111
63183 7117
63233 7123
63283 7129
63333 7135
63383 7141
63433 7147
63483 7153
63533 7159
63583 7165
63633 7171
63683 7177
63733 7183
63783 7189
63833 7195
63883 7201
63933 7207
63983 7213
64033 7219
64083 7225
64133 7231
64183 7237
64233 7243
64283 7249
64333 7255
64383 7261
64433 7267
64483 7273
64533 7279
64583 7285
64633 7291
64683 7297
64733 7303
64783 7309
64833 7315
64883 7321
64933 7327
64983 7333
65033 7339
65083 7345
65133 7351
65183 7357
65233 7363
65283 7369
65333 7375
65383 7381
65433 7387
65483 7393
65533 7399
65583 7405
65633 7411
65683 7417
65733 7423
65783 7429
65833 7435
65883 7441
65933 7447
65983 7453
66033 7459
66083 7465
66133 7471
66183 7477
66233 7483
66283 7489
66333 7495
66383 7501
66433 7507
66483 7513
66533 7519
66583 7525
66633 7531
66683 7537
66733 7543
66783 7549
66833 7555
66883 7561
66933 7567
66983 7573
67033 7579
67083 7585
67133 7591
67183 7597
67233 7603
67283 7609
67333 7615
67383 7621
67433 7627
67483 7633
67533 7639
67583 7645
67633 7651
67683 7657
67733 7663
67783 7669
67833 7675
67883 7681
67933 7687
67983 7693
68033 7699
68083 7705
68133 7711
68183 7717
68233 7723
68283 7729
68333 7735
68383 7741
68433 7747
68483 7753
68533 7759
68583 7765
68633 7771
68683 7777
68733 7783
68783 7789
68833 7795
68883 7801
68933 7807
68983 7813
69033 7819
69083 7825
69133 7831
69183 7837
69233 7843
69283 7849
69333 7855
69383 7861
69433 7867
69483 7873
69533 7879
69583 7885
69633 7891
69683 7897
69733 7903
69783 7909
69833 7915
69883 7921
69933 7927
69983 7933
70033 7939
70083 7945
70133 7951
70183 7957
70233 7963
70283 7969
70333 7975
70383 7981
70433 7987
70483 7993
70533 7999
70583 8005
70633 8011
70683 8017
70733 8023
70783 8029
70833 8035
70883 8041
70933 8047
70983 8053
71033 8059
71083 8065
71133 8071
71183 8077
71233 8083
71283 8089
71333 8095
71383 8101
71433 8107
71483 8113
71533 8119
71583 8125
71633 8131
71683 8137
71733 8143
71783 8149
71833 8155
71883 8161
71933 8167
71983 8173
72033 8179
72083 8185
72133 8191
72183 8197
72233 8203
72283 8209
72333 8215
72383 8221
72433 8227
72483 8233
72533 8239
72583 8245
72633 8251
72683 8257
72733 8263
72783 8269
72833 8275
72883 8281
72933 8287
72983 8293
73033 8299
73083 8305
73133 8311
73183 8317
73233 8323
73283 8329
73333 8335
73383 8341
73433 8347
73483 8353
73533 8359
73583 8365
73633 8371
73683 8377
73733 8383
73783 8389
73833 8395
73883 8401
73933 8407
73983 8413
74033 8419
74083 8425
74133 8431
74183 8437
74233 8443
74283 8449
74333 8455
74383 8461
74433 8467
74483 8473
74533 8479
74583 8485
74633 8491
74683 8497
74733 8503
74783 8509
74833 8515
74883 8521
74933 8527
74983 8533
75033 8539
75083 8545
75133 8551
75183 8557
75233 8563
75283 8569
75333 8575
75383 8581
75433 8587
75483 8593
75533 8599
75583 8605
75633 8611
75683 8617
75733 8623
75783 8629
75833 8635
75883 8641
75933 8647
75983 8653
76033 8659
76083 8665
76133 8671
76183 8677
76233 8683
76283 8689
76333 8695
76383 8701
76433 8707
76483 8713
76533 8719
76583 8725
76633 8731
76683 8737
76733 8743
76783 8749
76833 8755
76883 8761
76933 8767
76983 8773
77033 8779
77083 8785
77133 8791
77183 8797
77233 8803
77283 8809
77333 8815
77383 8821
77433 8827
77483 8833
77533 8839
77583 8845
77633 8851
77683 8857
77733 8863
77783 8869
77833 8875
77883 8881
77933 8887
77983 8893
78033 8899
78083 8905
78133 8911
78183 8917
78233 8923
78283 8929
78333 8935
78383 8941
78433 8947
78483 8953
78533 8959
78583 8965
78633 8971
78683 8977
78733 8983
78783 8989
78833 8995
78883 9001
78933 9007
78983 9013
79033 9019
79083 9025
79133 9031
79183 9037
79233 9043
79283 9049
79333 9055
79383 9061
79433 9067
79483 9073
79533 9079
79583 9085
79633 9091
79683 9097
79733 9103
79783 9109
79833 9115
79883 9121
79933 9127
79983 9133
80033 9139
80083 9145
80133 9151
80183 9157
80233 9163
80283 9169
80333 9175
80383 9181
80433 9187
80483 9193
80533 9199
80583 9205
80633 9211
80683 9217
80733 9223
80783 9229
80833 9235
80883 9241
80933 9247
80983 9253
81033 9259
81083 9265
81133 9271
81183 9277
81233 9283
81283 9289
81333 9295
81383 9301
81433 9307
81483 9313
81533 9319
81583 9325
81633 9331
81683 9337
81733 9343
81783 9349
81833 9355
81883 9361
81933 9367
81983 9373
82033 9379
82083 9385
82133 9391
82183 9397
82233 9403
82283 9409
82333 9415
82383 9421
82433 9427
82483 9433
82533 9439
82583 9445
82633 9451
82683 9457
82733 9463
82783 9469
82833 9475
82883 9481
82933 9487
82983 9493
83033 9499
83083 9505
83133 9511
83183 9517
83233 9523
83283 9529
83333 9535
83383 9541
83433 9547
83483 9553
83533 9559
83583 9565
83633 9571
83683 9577
83733 9583
83783 9589
83833 9595
83883 9601
83933 9607
83983 9613
84033 9619
84083 9625
84133 9631
84183 9637
84233 9643
84283 9649
84333 9655
84383 9661
84433 9667
84483 9673
84533 9679
84583 9685
84633 9691
84683 9697
84733 9703
84783 9709
84833 9715
84883 9721
84933 9727
84983 9733
85033 9739
85083 9745
85133 9751
85183 9757
85233 9763
85283 9769
85333 9775
85383 9781
85433 9787
85483 9793
85533 9799
85583 9805
85633 9811
85683 9817
85733 9823
85783 9829
85833 9835
85883 9841
85933 9847
85983 9853
86033 9859
86083 9865
86133 9871
86183 9877
86233 9883
86283 9889
86333 9895
86383 9901
86433 9907
86483 9913
86533 9919
86583 9925
86633 9931
86683 9937
86733 9943
86783 9949
86833 9955
86883 9961
86933 9967
86983 9973
87033 9979
87083 9985
87133 9991
87183 9997
87233 10003
87283 10009
87333 10015
87383 10021
87433 10027
87483 10033
87533 10039
87583 10045
87633 10051
87683 10057
87733 10063
87783 10069
87833 10075
87883 10081
87933 10087
87983 10093
88033 10099
88083 10105
88133 10111
88183 10117
88233 10123
88283 10129
88333 10135
88383 10141
88433 10147
88483 10153
88533 10159
88583 10165
88633 10171
88683 10177
88733 10183
88783 10189
88833 10195
88883 10201
88933 10207
88983 10213
89033 10219
89083 10225
89133 10231
89183 10237
89233 10243
89283 10249
89333 10255
89383 10261
89433 10267
89483 10273
89533 10279
89583 10285
89633 10291
89683 10297
89733 10303
89783 10309
89833 10315
89883 10321
89933 10327
89983 10333
90033 10339
90083 10345
90133 10351
90183 10357
90233 10363
90283 10369
90333 10375
90383 10381
90433 10387
90483 10393
90533 10399
90583 10405
90633 10411
90683 10417
90733 10423
90783 10429
90833 10435
90883 10441
90933 10447
90983 10453
91033 10459
91083 10465
91133 10471
91183 10477
91233 10483
91283 10489
91333 10495
91383 10501
91433 10507
91483 10513
91533 10519
91583 10525
91633 10531
91683 10537
91733 10543
91783 10549
91833 10555
91883 10561
91933 10567
91983 10573
92033 10579
92083 10585
92133 10591
92183 10597
92233 10603
92283 10609
92333 10615
92383 10621
92433 10627
92483 10633
92533 10639
92583 10645
92633 10651
92683 10657
92733 10663
92783 10669
92833 10675
92883 10681
92933 10687
92983 10693
93033 10699
93083 10705
93133 10711
93183 10717
93233 10723
93283 10729
93333 10735
93383 10741
93433 10747
93483 10753
93533 10759
93583 10765
93633 10771
93683 10777
93733 10783
93783 10789
93833 10795
93883 10801
93933 10807
93983 10813
94033 10819
94083 10825
94133 10831
94183 10837
94233 10843
94283 10849
94333 10858
94383 10869
94433 10880
94483 10891
94533 10902
94583 10913
94633 10924
94683 10935
94733 10946
94783 10957
94833 10968
94883 10979
94933 10990
94983 11001
95033 11012
95083 11023
95133 11034
95183 11045
95233 11056
95283 11067
95333 11078
95383 11089
95433 11100
95483 11111
95533 11122
95583 11133
95633 11144
95683 11155
95733 11166
95783 11177
95833 11188
95883 11199
95933 11210
95983 11221
96033 11232
96083 11243
96133 11254
96183 11265
96233 11276
96283 11287
96333 11298
96383 11309
96433 11320
96483 11331
96533 11342
96583 11353
96633 11364
96683 11375
96733 11386
96783 11397
96833 11408
96883 11419
96933 11430
96983 11441
97033 11452
97083 11463
97133 11474
97183 11485
97233 11496
97283 11507
97333 11518
97383 11529
97433 11540
97483 11551
97533 11562
97583 11573
97633 11584
97683 11595
97733 11606
97783 11617
97833 11628
97883 11639
97933 11650
97983 11661
98033 11672
98083 11683
98133 11694
98183 11705
98233 11716
98283 11727
98333 11738
98383 11749
98433 11760
98483 11771
98533 11782
98583 11793
98633 11804
98683 11815
98733 11826
98783 11837
98833 11848
98883 11859
98933 11870
98983 11881
99033 11892
99083 11903
99133 11914
99183 11925
99233 11936
99283 11947
99333 11958
99383 11969
99433 11980
99483 11991
99533 12002
99583 12013
99633 12024
99683 12035
99733 12046
99783 12057
99833 12068
99883 12079
99933 12090
99983 12101
100100 12128
201000 34326
201050 34337
201200 34373
383800 79664
383900 79689
384000 79722
487400 113740
487450 113757
487550 113793
731100 201227
731200 201263
731300 201301
800000 227338
