2 0
10 1
22 2
37 4
62 6
87 9
112 11
137 14
162 16
187 19
212 21
237 24
262 26
287 29
312 31
337 34
362 36
387 39
412 41
437 44
462 46
487 49
512 51
537 54
562 56
587 59
612 61
637 64
662 66
687 69
712 71
737 74
762 76
787 79
812 81
837 84
862 86
887 89
912 91
937 94
962 96
987 99
1012 101
1037 104
1062 106
1087 109
1112 111
1137 114
1162 116
1187 119
1212 121
1237 124
1262 126
1287 129
1312 131
1337 134
1362 136
1387 139
1412 141
1437 144
1462 146
1487 149
1512 151
1537 154
1562 156
1587 159
1612 161
1637 164
1662 166
1687 169
1712 171
1737 174
1762 176
1787 179
1812 181
1837 184
1862 186
1887 189
1912 191
1937 194
1962 196
1987 199
2012 201
2037 204
2062 206
2087 209
2112 211
2137 214
2162 216
2187 219
2212 221
2237 224
2262 226
2287 229
2312 231
2337 234
2362 236
2387 239
2412 241
2437 244
2462 246
2487 249
2512 251
2537 254
2562 256
2587 259
2612 261
2637 264
2662 266
2687 269
2712 271
2737 274
2762 276
2787 279
2812 281
2837 284
2862 286
2887 289
2912 291
2937 294
2962 296
2987 299
3033 303
3083 308
3133 313
3183 318
3233 323
3283 328
3333 333
3383 338
3433 343
3483 348
3533 353
3583 358
3633 363
3683 368
3733 373
3783 378
3833 383
3883 388
3933 393
3983 398
4033 403
4083 408
4133 413
4183 418
4233 423
4283 428
4333 433
4383 438
4433 443
4483 448
4533 453
4583 458
4633 463
4683 468
4733 473
4783 478
4833 483
4883 488
4933 493
4983 498
5033 503
5083 508
5133 513
5183 518
5233 523
5283 528
5333 533
5383 538
5433 543
5483 548
5533 553
5583 558
5633 563
5683 568
5733 573
5783 578
5833 583
5883 588
5933 593
5983 598
6033 603
6083 608
6133 613
6183 618
6233 623
6283 628
6333 633
6383 638
6433 643
6483 648
6533 653
6583 658
6633 663
6683 668
6733 673
6783 678
6833 683
6883 688
6933 693
6983 698
7033 703
7083 708
7133 713
7183 718
7233 723
7283 728
7333 733
7383 738
7433 743
7483 748
7533 753
7583 758
7633 763
7683 768
7733 773
7783 778
7833 783
7883 788
7933 793
7983 798
8033 803
8083 808
8133 813
8183 818
8233 823
8283 828
8333 833
8383 838
8433 843
8483 848
8533 853
8583 858
8633 863
8683 868
8733 873
8783 878
8833 883
8883 888
8933 893
8983 898
9033 903
9083 908
9133 913
9183 918
9233 923
9283 928
9333 933
9383 938
9433 943
9483 948
9533 953
9583 958
9633 963
9683 968
9733 973
9783 978
9833 983
9883 988
9933 993
9983 998
10033 1003
10083 1008
10133 1013
10183 1018
10233 1023
10283 1028
10333 1033
10383 1038
10433 1043
10483 1048
10533 1053
10583 1058
10633 1063
10683 1068
10733 1073
10783 1078
10833 1083
10883 1088
10933 1093
10983 1098
11033 1103
11083 1108
11133 1113
11183 1118
11233 1123
11283 1128
11333 1133
11383 1138
11433 1143
11483 1148
11533 1153
11583 1158
11633 1163
11683 1169
11733 1175
11783 1181
11833 1187
11883 1193
11933 1199
11983 1205
12033 1211
12083 1217
12133 1223
12183 1229
12233 1235
12283 1241
12333 1247
12383 1253
12433 1259
12483 1265
12533 1271
12583 1277
12633 1283
12683 1289
12733 1295
12783 1301
12833 1307
12883 1313
12933 1319
12983 1325
13033 1331
13083 1337
13133 1343
13183 1349
13233 1355
13283 1361
13333 1367
13383 1373
13433 1379
13483 1385
13533 1391
13583 1397
13633 1403
13683 1409
13733 1415
13783 1421
13833 1427
13883 1433
13933 1439
13983 1445
14033 1451
14083 1457
14133 1463
14183 1469
14233 1475
14283 1481
14333 1487
14383 1493
14433 1499
14483 1505
14533 1511
14583 1517
14633 1523
14683 1529
14733 1535
14783 1541
14833 1547
14883 1553
14933 1559
14983 1565
15033 1571
15083 1577
15133 1583
15183 1589
15233 1595
15283 1601
15333 1607
15383 1613
15433 1619
15483 1625
15533 1631
15583 1637
15633 1643
15683 1649
15733 1655
15783 1661
15833 1667
15883 1673
15933 1679
15983 1685
16033 1691
16083 1697
16133 1703
16183 1709
16233 1715
16283 1721
16333 1727
16383 1733
16433 1739
16483 1745
16533 1751
16583 1757
16633 1763
16683 1769
16733 1775
16783 1781
16833 1787
16883 1793
16933 1799
16983 1805
17033 1811
17083 1817
17133 1823
17183 1829
17233 1835
17283 1841
17333 1847
17383 1853
17433 1859
17483 1865
17533 1871
17583 1877
17633 1883
17683 1889
17733 1895
17783 1901
17833 1907
17883 1913
17933 1919
17983 1925
18033 1931
18083 1937
18133 1943
18183 1949
18233 1955
18283 1961
18333 1967
18383 1973
18433 1979
18483 1985
18533 1991
18583 1997
18633 2003
18683 2009
18733 2015
18783 2021
18833 2027
18883 2033
18933 2039
18983 2045
19033 2051
19083 2057
19133 2063
19183 2069
19233 2075
19283 2081
19333 2087
19383 2093
19433 2099
19483 2105
19533 2111
19583 2117
19633 2123
19683 2129
19733 2135
19783 2141
19833 2147
19883 2153
19933 2159
19983 2165
20033 2171
20083 2177
20133 2183
20183 2189
20233 2195
20283 2201
20333 2207
20383 2213
20433 2219
20483 2225
20533 2231
20583 2237
20633 2243
20683 2249
20733 2255
20783 2261
20833 2267
20883 2273
20933 2279
20983 2285
21033 2291
21083 2297
21133 2303
21183 2309
21233 2315
21283 2321
21333 2327
21383 2333
21433 2339
21483 2345
21533 2351
21583 2357
21633 2363
21683 2369
21733 2375
21783 2381
21833 2387
21883 2393
21933 2399
21983 2405
22033 2411
22083 2417
22133 2423
22183 2429
22233 2435
22283 2441
22333 2447
22383 2453
22433 2459
22483 2465
22533 2471
22583 2477
22633 2483
22683 2489
22733 2495
22783 2501
22833 2507
22883 2513
22933 2519
22983 2525
23033 2531
23083 2537
23133 2543
23183 2549
23233 2555
23283 2561
23333 2567
23383 2573
23433 2579
23483 2585
23533 2591
23583 2597
23633 2603
23683 2609
23733 2615
23783 2621
23833 2627
23883 2633
23933 2639
23983 2645
24033 2651
24083 2657
24133 2663
24183 2669
24233 2675
24283 2681
24333 2687
24383 2693
24433 2699
24483 2705
24533 2711
24583 2717
24633 2723
24683 2729
24733 2735
24783 2741
24833 2747
24883 2753
24933 2759
24983 2765
25033 2771
25083 2777
25133 2783
25183 2789
25233 2795
25283 2801
25333 2807
25383 2813
25433 2819
25483 2825
25533 2831
25583 2837
25633 2843
25683 2849
25733 2855
25783 2861
25833 2867
25883 2873
25933 2879
25983 2885
26033 2891
26083 2897
26133 2903
26183 2909
26233 2915
26283 2921
26333 2927
26383 2933
26433 2939
26483 2945
26533 2951
26583 2957
26633 2963
26683 2969
26733 2975
26783 2981
26833 2987
26883 2993
26933 2999
26983 3005
27033 3011
27083 3017
27133 3023
27183 3029
27233 3035
27283 3041
27333 3047
27383 3053
27433 3059
27483 3065
27533 3071
27583 3077
27633 3083
27683 3089
27733 3095
27783 3101
27833 3107
27883 3113
27933 3119
27983 3125
28033 3131
28083 3137
28133 3143
28183 3149
28233 3155
28283 3161
28333 3167
28383 3173
28433 3179
28483 3185
28533 3191
28583 3197
28633 3203
28683 3209
28733 3215
28783 3221
28833 3227
28883 3233
28933 3239
28983 3245
29033 3251
29083 3257
29133 3263
29183 3269
29233 3275
29283 3281
29333 3287
29383 3293
29433 3299
29483 3305
29533 3311
29583 3317
29633 3323
29683 3329
29733 3335
29783 3341
29833 3347
29883 3353
29933 3359
29983 3365
30033 3371
30083 3377
30133 3383
30183 3389
30233 3395
30283 3401
30333 3407
30383 3413
30433 3419
30483 3425
30533 3431
30583 3437
30633 3443
30683 3449
30733 3455
30783 3461
30833 3467
30883 3473
30933 3479
30983 3485
31033 3491
31083 3497
31133 3503
31183 3509
31233 3515
31283 3521
31333 3527
31383 3533
31433 3539
31483 3545
31533 3551
31583 3557
31633 3563
31683 3569
31733 3575
31783 3581
31833 3587
31883 3593
31933 3599
31983 3605
32033 3611
32083 3617
32133 3623
32183 3629
32233 3635
32283 3641
32333 3647
32383 3653
32433 3659
32483 3665
32533 3671
32583 3677
32633 3683
32683 3689
32733 3695
32783 3701
32833 3707
32883 3713
32933 3719
32983 3725
33033 3731
33083 3737
33133 3743
33183 3749
33233 3755
33283 3761
33333 3767
33383 3773
33433 3779
33483 3785
33533 3791
33583 3797
33633 3803
33683 3809
33733 3815
33783 3821
33833 3827
33883 3833
33933 3839
33983 3845
34033 3851
34083 3857
34133 3863
34183 3869
34233 3875
34283 3881
34333 3887
34383 3893
34433 3899
34483 3905
34533 3911
34583 3917
34633 3923
34683 3929
34733 3935
34783 3941
34833 3947
34883 3953
34933 3959
34983 3965
35033 3971
35083 3977
35133 3983
35183 3989
35233 3995
35283 4001
35333 4007
35383 4013
35433 4019
35483 4025
35533 4031
35583 4037
35633 4043
35683 4049
35733 4055
35783 4061
35833 4067
35883 4073
35933 4079
35983 4085
36033 4091
36083 4097
36133 4103
36183 4109
36233 4115
36283 4121
36333 4127
36383 4133
36433 4139
36483 4145
36533 4151
36583 4157
36633 4163
36683 4169
36733 4175
36783 4181
36833 4187
36883 4193
36933 4199
36983 4205
37033 4211
37083 4217
37133 4223
37183 4229
37233 4235
37283 4241
37333 4247
37383 4253
37433 4259
37483 4265
37533 4271
37583 4277
37633 4283
37683 4289
37733 4295
37783 4301
37833 4307
37883 4313
37933 4319
37983 4325
38033 4331
38083 4337
38133 4343
38183 4349
38233 4355
38283 4361
38333 4367
38383 4373
38433 4379
38483 4385
38533 4391
38583 4397
38633 4403
38683 4409
38733 4415
38783 4421
38833 4427
38883 4433
38933 4439
38983 4445
39033 4451
39083 4457
39133 4463
39183 4469
39233 4475
39283 4481
39333 4487
39383 4493
39433 4499
39483 4505
39533 4511
39583 4517
39633 4523
39683 4529
39733 4535
39783 4541
39833 4547
39883 4553
39933 4559
39983 4565
40033 4571
40083 4577
40133 4583
40183 4589
40233 4595
40283 4601
40333 4607
40383 4613
40433 4619
40483 4625
40533 4631
40583 4637
40633 4643
40683 4649
40733 4655
40783 4661
40833 4667
40883 4673
40933 4679
40983 4685
41033 4691
41083 4697
41133 4703
41183 4709
41233 4715
41283 4721
41333 4727
41383 4733
41433 4739
41483 4745
41533 4751
41583 4757
41633 4763
41683 4769
41733 4775
41783 4781
41833 4787
41883 4793
41933 4799
41983 4805
42033 4811
42083 4817
42133 4823
42183 4829
42233 4835
42283 4841
42333 4847
42383 4853
42433 4859
42483 4865
42533 4871
42583 4877
42633 4883
42683 4889
42733 4895
42783 4901
42833 4907
42883 4913
42933 4919
42983 4925
43033 4931
43083 4937
43133 4943
43183 4949
43233 4955
43283 4961
43333 4967
43383 4973
43433 4979
43483 4985
43533 4991
43583 4997
43633 5003
43683 5009
43733 5015
43783 5021
43833 5027
43883 5033
43933 5039
43983 5045
44033 5051
44083 5057
44133 5063
44183 5069
44233 5075
44283 5081
44333 5087
44383 5093
44433 5099
44483 5105
44533 5111
44583 5117
44633 5123
44683 5129
44733 5135
44783 5141
44833 5147
44883 5153
44933 5159
44983 5165
45033 5171
45083 5177
45133 5183
45183 5189
45233 5195
45283 5201
45333 5207
45383 5213
45433 5219
45483 5225
45533 5231
45583 5237
45633 5243
45683 5249
45733 5255
45783 5261
45833 5267
45883 5273
45933 5279
45983 5285
46033 5291
46083 5297
46133 5303
46183 5309
46233 5315
46283 5321
46333 5327
46383 5333
46433 5339
46483 5345
46533 5351
46583 5357
46633 5363
46683 5369
46733 5375
46783 5381
46833 5387
46883 5393
46933 5399
46983 5405
47033 5411
47083 5417
47133 5423
47183 5432
47233 5443
47283 5454
47333 5465
47383 5476
47433 5487
47483 5498
47533 5509
47583 5520
47633 5531
47683 5542
47733 5553
47783 5564
47833 5575
47883 5586
47933 5597
47983 5608
48033 5619
48083 5630
48133 5641
48183 5652
48233 5663
48283 5674
48333 5685
48383 5696
48433 5707
48483 5718
48533 5729
48583 5740
48633 5751
48683 5762
48733 5773
48783 5784
48833 5795
48883 5806
48933 5817
48983 5828
49033 5839
49083 5850
49133 5861
49183 5872
49233 5883
49283 5894
49333 5905
49383 5916
49433 5927
49483 5938
49533 5949
49583 5960
49633 5971
49683 5982
49733 5993
49783 6004
49833 6015
49883 6026
49933 6037
49983 6048
50033 6059
50083 6070
50133 6081
50183 6092
50233 6103
50283 6114
50333 6125
50383 6136
50433 6147
50483 6158
50533 6169
50583 6180
50633 6191
50683 6202
50733 6213
50783 6224
50833 6235
50883 6246
50933 6257
50983 6268
51033 6279
51083 6290
51133 6301
51183 6312
51233 6323
51283 6334
51333 6345
51383 6356
51433 6367
51483 6378
51533 6389
51583 6400
51633 6411
51683 6422
51733 6433
51783 6444
51833 6455
51883 6466
51933 6477
51983 6488
52033 6499
52083 6510
52133 6521
52183 6532
52233 6543
52283 6554
52333 6565
52383 6576
52433 6587
52483 6598
52533 6609
52583 6620
52633 6631
52683 6642
52733 6653
52783 6664
52833 6675
52883 6686
52933 6697
52983 6708
53033 6719
53083 6730
53133 6741
53183 6752
53233 6763
53283 6774
53333 6785
53383 6796
53433 6807
53483 6818
53533 6829
53583 6840
53633 6851
53683 6862
53733 6873
53783 6884
53833 6895
53883 6906
53933 6917
53983 6928
54033 6939
54083 6950
54133 6961
54183 6972
54233 6983
54283 6994
54333 7005
54383 7016
54433 7027
54483 7038
54533 7049
54583 7060
54633 7071
54683 7082
54733 7093
54783 7104
54833 7115
54883 7126
54933 7137
54983 7148
55033 7159
55083 7170
55133 7181
55183 7192
55233 7203
55283 7214
55333 7225
55383 7236
55433 7247
55483 7258
55533 7269
55583 7280
55633 7291
55683 7302
55733 7313
55783 7324
55833 7335
55883 7346
55933 7357
55983 7368
56033 7379
56083 7390
56133 7401
56183 7412
56233 7423
56283 7434
56333 7445
56383 7456
56433 7467
56483 7478
56533 7489
56583 7500
56633 7511
56683 7522
56733 7533
56783 7544
56833 7555
56883 7566
56933 7577
56983 7588
57033 7599
57083 7610
57133 7621
57183 7632
57233 7643
57283 7654
57333 7665
57383 7676
57433 7687
57483 7698
57533 7709
57583 7720
57633 7731
57683 7742
57733 7753
57783 7764
57833 7775
57883 7786
57933 7797
57983 7808
58033 7819
58083 7830
58133 7841
58183 7852
58233 7863
58283 7874
58333 7885
58383 7896
58433 7907
58483 7918
58533 7929
58583 7940
58633 7951
58683 7962
58733 7973
58783 7984
58833 7995
58883 8006
58933 8017
58983 8028
59033 8039
59083 8050
59133 8061
59183 8072
59233 8083
59283 8094
59333 8105
59383 8116
59433 8127
59483 8138
59533 8149
59583 8160
59633 8171
59683 8182
59733 8193
59783 8204
59833 8215
59883 8226
59933 8237
59983 8248
60033 8259
60083 8270
60133 8281
60183 8292
60233 8303
60283 8314
60333 8325
60383 8336
60433 8347
60483 8358
60533 8369
60583 8380
60633 8391
60683 8402
60733 8413
60783 8424
60833 8435
60883 8446
60933 8457
60983 8468
61033 8479
61083 8490
61133 8501
61183 8512
61233 8523
61283 8534
61333 8545
61383 8556
61433 8567
61483 8578
61533 8589
61583 8600
61633 8611
61683 8622
61733 8633
61783 8644
61833 8655
61883 8666
61933 8677
61983 8688
62033 8699
62083 8710
62133 8721
62183 8732
62233 8743
62283 8754
62333 8765
62383 8776
62433 8787
62483 8798
62533 8809
62583 8820
62633 8831
62683 8842
62733 8853
62783 8864
62833 8875
62883 8886
62933 8897
62983 8908
63033 8919
63083 8930
63133 8941
63183 8952
63233 8963
63283 8974
63333 8985
63383 8996
63433 9007
63483 9018
63533 9029
63583 9040
63633 9051
63683 9062
63733 9073
63783 9084
63833 9095
63883 9106
63933 9117
63983 9128
64033 9139
64083 9150
64133 9161
64183 9172
64233 9183
64283 9194
64333 9205
64383 9216
64433 9227
64483 9238
64533 9249
64583 9260
64633 9271
64683 9282
64733 9293
64783 9304
64833 9315
64883 9326
64933 9337
64983 9348
65033 9359
65083 9370
65133 9381
65183 9392
65233 9403
65283 9414
65333 9425
65383 9436
65433 9447
65483 9458
65533 9469
65583 9480
65633 9491
65683 9502
65733 9513
65783 9524
65833 9535
65883 9546
65933 9557
65983 9568
66033 9579
66083 9590
66133 9601
66183 9612
66233 9623
66283 9634
66333 9645
66383 9656
66433 9667
66483 9678
66533 9689
66583 9700
66633 9711
66683 9722
66733 9733
66783 9744
66833 9755
66883 9766
66933 9777
66983 9788
67033 9799
67083 9810
67133 9821
67183 9832
67233 9843
67283 9854
67333 9865
67383 9876
67433 9887
67483 9898
67533 9909
67583 9920
67633 9931
67683 9942
67733 9953
67783 9964
67833 9975
67883 9986
67933 9997
67983 10008
68033 10019
68083 10030
68133 10041
68183 10052
68233 10063
68283 10074
68333 10085
68383 10096
68433 10107
68483 10118
68533 10129
68583 10140
68633 10151
68683 10162
68733 10173
68783 10184
68833 10195
68883 10206
68933 10217
68983 10228
69033 10239
69083 10250
69133 10261
69183 10272
69233 10283
69283 10294
69333 10305
69383 10316
69433 10327
69483 10338
69533 10349
69583 10360
69633 10371
69683 10382
69733 10393
69783 10404
69833 10415
69883 10426
69933 10437
69983 10448
70033 10459
70083 10470
70133 10481
70183 10492
70233 10503
70283 10514
70333 10525
70383 10536
70433 10547
70483 10558
70533 10569
70583 10580
70633 10591
70683 10602
70733 10613
70783 10624
70833 10635
70883 10646
70933 10657
70983 10668
71033 10679
71083 10690
71133 10701
71183 10712
71233 10723
71283 10734
71333 10745
71383 10756
71433 10767
71483 10778
71533 10789
71583 10800
71633 10811
71683 10822
71733 10833
71783 10844
71833 10855
71883 10866
71933 10877
71983 10888
72033 10899
72083 10910
72133 10921
72183 10932
72233 10943
72283 10954
72333 10965
72383 10976
72433 10987
72483 10998
72533 11009
72583 11020
72633 11031
72683 11042
72733 11053
72783 11064
72833 11075
72883 11086
72933 11097
72983 11108
73033 11119
73083 11130
73133 11141
73183 11152
73233 11163
73283 11174
73333 11185
73383 11196
73433 11207
73483 11218
73533 11229
73583 11240
73633 11251
73683 11262
73733 11273
73783 11284
73833 11295
73883 11306
73933 11317
73983 11328
74033 11339
74083 11350
74133 11361
74183 11372
74233 11383
74283 11394
74333 11405
74383 11416
74433 11427
74483 11438
74533 11449
74583 11460
74633 11471
74683 11482
74733 11493
74783 11504
74833 11515
74883 11526
74933 11537
74983 11548
75033 11559
75083 11570
75133 11581
75183 11592
75233 11603
75283 11614
75333 11625
75383 11636
75433 11647
75483 11658
75533 11669
75583 11680
75633 11691
75683 11702
75733 11713
75783 11724
75833 11735
75883 11746
75933 11757
75983 11768
76033 11779
76083 11790
76133 11801
76183 11812
76233 11823
76283 11834
76333 11845
76383 11856
76433 11867
76483 11878
76533 11889
76583 11900
76633 11911
76683 11922
76733 11933
76783 11944
76833 11955
76883 11966
76933 11977
76983 11988
77033 11999
77083 12010
77133 12021
77183 12032
77233 12043
77283 12054
77333 12065
77383 12076
77433 12087
77483 12098
77533 12109
77583 12120
77633 12131
77683 12142
77733 12153
77783 12164
77833 12175
77883 12186
77933 12197
77983 12208
78033 12219
78083 12230
78133 12241
78183 12252
78233 12263
78283 12274
78333 12285
78383 12296
78433 12307
78483 12318
78533 12329
78583 12340
78633 12351
78683 12362
78733 12373
78783 12384
78833 12395
78883 12406
78933 12417
78983 12428
79033 12439
79083 12450
79133 12461
79183 12472
79233 12483
79283 12494
79333 12505
79383 12516
79433 12527
79483 12538
79533 12549
79583 12560
79633 12571
79683 12582
79733 12593
79783 12604
79833 12615
79883 12626
79933 12637
79983 12648
80033 12659
80083 12670
80133 12681
80183 12692
80233 12703
80283 12714
80333 12725
80383 12736
80433 12747
80483 12758
80533 12769
80583 12780
80633 12791
80683 12802
80733 12813
80783 12824
80833 12835
80883 12846
80933 12857
80983 12868
81033 12879
81083 12890
81133 12901
81183 12912
81233 12923
81283 12934
81333 12945
81383 12956
81433 12967
81483 12978
81533 12989
81583 13000
81633 13011
81683 13022
81733 13033
81783 13044
81833 13055
81883 13066
81933 13077
81983 13088
82033 13099
82083 13110
82133 13121
82183 13132
82233 13143
82283 13154
82333 13165
82383 13176
82433 13187
82483 13198
82533 13209
82583 13220
82633 13231
82683 13242
82733 13253
82783 13264
82833 13275
82883 13286
82933 13297
82983 13308
83033 13319
83083 13330
83133 13341
83183 13352
83233 13363
83283 13374
83333 13385
83383 13396
83433 13407
83483 13418
83533 13429
83583 13440
83633 13451
83683 13462
83733 13473
83783 13484
83833 13495
83883 13506
83933 13517
83983 13528
84033 13539
84083 13550
84133 13561
84183 13572
84233 13583
84283 13594
84333 13605
84383 13616
84433 13627
84483 13638
84533 13649
84583 13660
84633 13671
84683 13682
84733 13693
84783 13704
84833 13715
84883 13726
84933 13737
84983 13748
85033 13759
85083 13770
85133 13781
85183 13792
85233 13803
85283 13814
85333 13825
85383 13836
85433 13847
85483 13858
85533 13869
85583 13880
85633 13891
85683 13902
85733 13913
85783 13924
85833 13935
85883 13946
85933 13957
85983 13968
86033 13979
86083 13990
86133 14001
86183 14012
86233 14023
86283 14034
86333 14045
86383 14056
86433 14067
86483 14078
86533 14089
86583 14100
86633 14111
86683 14122
86733 14133
86783 14144
86833 14155
86883 14166
86933 14177
86983 14188
87033 14199
87083 14210
87133 14221
87183 14232
87233 14243
87283 14254
87333 14265
87383 14276
87433 14287
87483 14298
87533 14309
87583 14320
87633 14331
87683 14342
87733 14353
87783 14364
87833 14375
87883 14386
87933 14397
87983 14408
88033 14419
88083 14430
88133 14441
88183 14452
88233 14463
88283 14474
88333 14485
88383 14496
88433 14507
88483 14518
88533 14529
88583 14540
88633 14551
88683 14562
88733 14573
88783 14584
88833 14595
88883 14606
88933 14617
88983 14628
89033 14639
89083 14650
89133 14661
89183 14672
89233 14683
89283 14694
89333 14705
89383 14716
89433 14727
89483 14738
89533 14749
89583 14760
89633 14771
89683 14782
89733 14793
89783 14804
89833 14815
89883 14826
89933 14837
89983 14848
90033 14859
90083 14870
90133 14881
90183 14892
90233 14903
90283 14914
90333 14925
90383 14936
90433 14947
90483 14958
90533 14969
90583 14980
90633 14991
90683 15002
90733 15013
90783 15024
90833 15035
90883 15046
90933 15057
90983 15068
91033 15079
91083 15090
91133 15101
91183 15112
91233 15123
91283 15134
91333 15145
91383 15156
91433 15167
91483 15178
91533 15189
91583 15200
91633 15211
91683 15222
91733 15233
91783 15244
91833 15255
91883 15266
91933 15277
91983 15288
92033 15299
92083 15310
92133 15321
92183 15332
92233 15343
92283 15354
92333 15365
92383 15376
92433 15387
92483 15398
92533 15409
92583 15420
92633 15431
92683 15442
92733 15453
92783 15464
92833 15475
92883 15486
92933 15497
92983 15508
93033 15519
93083 15530
93133 15541
93183 15552
93233 15563
93283 15574
93333 15585
93383 15596
93433 15607
93483 15618
93533 15629
93583 15640
93633 15651
93683 15662
93733 15673
93783 15684
93833 15695
93883 15706
93933 15717
93983 15728
94033 15739
94083 15750
94133 15761
94183 15772
94233 15783
94283 15794
94333 15805
94383 15816
94433 15827
94483 15838
94533 15849
94583 15860
94633 15871
94683 15882
94733 15893
94783 15904
94833 15915
94883 15926
94933 15937
94983 15948
95033 15959
95083 15970
95133 15981
95183 15992
95233 16003
95283 16014
95333 16025
95383 16036
95433 16047
95483 16058
95533 16069
95583 16080
95633 16091
95683 16102
95733 16113
95783 16124
95833 16135
95883 16146
95933 16157
95983 16168
96033 16179
96083 16190
96133 16201
96183 16212
96233 16223
96283 16234
96333 16245
96383 16256
96433 16267
96483 16278
96533 16289
96583 16300
96633 16311
96683 16322
96733 16333
96783 16344
96833 16355
96883 16366
96933 16377
96983 16388
97033 16399
97083 16410
97133 16421
97183 16432
97233 16443
97283 16454
97333 16465
97383 16476
97433 16487
97483 16498
97533 16509
97583 16520
97633 16531
97683 16542
97733 16553
97783 16564
97833 16575
97883 16586
97933 16597
97983 16608
98033 16619
98083 16630
98133 16641
98183 16652
98233 16663
98283 16674
98333 16685
98383 16696
98433 16707
98483 16718
98533 16729
98583 16740
98633 16751
98683 16762
98733 16773
98783 16784
98833 16795
98883 16806
98933 16817
98983 16828
99033 16839
99083 16850
99133 16861
99183 16872
99233 16883
99283 16894
99333 16905
99383 16916
99433 16927
99483 16938
99533 16949
99583 16960
99633 16971
99683 16982
99733 16993
99783 17004
99833 17015
99883 17026
99933 17037
99983 17048
100520 17167
100525 17169
100530 17170
190000 39359
191950 39844
192000 39861
243700 56870
243725 56878
243800 56905
365500 100596
365600 100632
365700 100669
700000 227369

